[
  [
    95,
    67,
    47,
    35,
    "*"
  ],
  [
    62,
    21,
    46,
    73,
    "+"
  ],
  [
    793,
    33,
    5,
    1,
    "+"
  ],
  [
    567,
    613,
    57,
    3,
    "+"
  ],
  [
    8181,
    4255,
    416,
    2,
    "+"
  ],
  [
    73,
    65,
    83,
    52,
    "+"
  ],
  [
    5,
    5,
    9,
    76,
    "+"
  ],
  [
    55,
    73,
    62,
    15,
    "*"
  ],
  [
    76,
    69,
    9769,
    5435,
    "+"
  ],
  [
    59,
    27,
    29,
    5,
    "*"
  ],
  [
    3498,
    2623,
    8739,
    1352,
    "+"
  ],
  [
    51,
    72,
    4,
    4,
    "+"
  ],
  [
    3,
    6,
    784,
    355,
    "+"
  ],
  [
    53,
    25,
    43,
    31,
    "*"
  ],
  [
    59,
    56,
    6,
    6,
    "+"
  ],
  [
    7821,
    5812,
    4593,
    55,
    "+"
  ],
  [
    93,
    29,
    48,
    99,
    "+"
  ],
  [
    45,
    76,
    83,
    41,
    "+"
  ],
  [
    2,
    58,
    33,
    75,
    "+"
  ],
  [
    5,
    73,
    41,
    79,
    "*"
  ],
  [
    4,
    4,
    84,
    93,
    "+"
  ],
  [
    8,
    65,
    71,
    96,
    "*"
  ],
  [
    517,
    135,
    83,
    66,
    "+"
  ],
  [
    341,
    139,
    616,
    72,
    "+"
  ],
  [
    5,
    3,
    254,
    694,
    "*"
  ],
  [
    472,
    797,
    181,
    378,
    "*"
  ],
  [
    24,
    717,
    874,
    431,
    "+"
  ],
  [
    55,
    212,
    865,
    498,
    "*"
  ],
  [
    59,
    32,
    691,
    254,
    "+"
  ],
  [
    6,
    44,
    63,
    77,
    "+"
  ],
  [
    67,
    44,
    367,
    298,
    "+"
  ],
  [
    525,
    712,
    447,
    94,
    "*"
  ],
  [
    499,
    7161,
    5358,
    3299,
    "+"
  ],
  [
    4,
    73,
    77,
    47,
    "+"
  ],
  [
    178,
    879,
    579,
    838,
    "+"
  ],
  [
    323,
    726,
    179,
    158,
    "*"
  ],
  [
    8,
    7,
    76,
    21,
    "*"
  ],
  [
    9912,
    7535,
    6671,
    367,
    "+"
  ],
  [
    1,
    1,
    61,
    94,
    "+"
  ],
  [
    78,
    775,
    796,
    137,
    "+"
  ],
  [
    43,
    92,
    66,
    17,
    "*"
  ],
  [
    666,
    482,
    829,
    865,
    "*"
  ],
  [
    758,
    572,
    46,
    87,
    "+"
  ],
  [
    473,
    226,
    868,
    4,
    "*"
  ],
  [
    39,
    82,
    19,
    75,
    "*"
  ],
  [
    9634,
    1466,
    5774,
    666,
    "+"
  ],
  [
    96,
    89,
    52,
    84,
    "*"
  ],
  [
    952,
    2971,
    2421,
    2424,
    "+"
  ],
  [
    5,
    34,
    11,
    13,
    "+"
  ],
  [
    8344,
    2541,
    56,
    3,
    "+"
  ],
  [
    2,
    66,
    19,
    44,
    "*"
  ],
  [
    3,
    77,
    99,
    51,
    "*"
  ],
  [
    42,
    97,
    576,
    353,
    "*"
  ],
  [
    8,
    94,
    264,
    6115,
    "+"
  ],
  [
    3,
    7,
    5,
    72,
    "*"
  ],
  [
    452,
    153,
    445,
    56,
    "+"
  ],
  [
    521,
    253,
    113,
    186,
    "*"
  ],
  [
    85,
    65,
    45,
    64,
    "*"
  ],
  [
    81,
    62,
    55,
    366,
    "+"
  ],
  [
    2,
    67,
    62,
    817,
    "+"
  ],
  [
    61,
    42,
    73,
    85,
    "+"
  ],
  [
    92,
    2325,
    1319,
    4987,
    "+"
  ],
  [
    26,
    35,
    94,
    998,
    "*"
  ],
  [
    8683,
    2644,
    6221,
    318,
    "+"
  ],
  [
    683,
    356,
    417,
    359,
    "+"
  ],
  [
    99,
    44,
    66,
    7,
    "+"
  ],
  [
    2,
    4,
    93,
    65,
    "*"
  ],
  [
    11,
    88,
    9,
    7,
    "*"
  ],
  [
    825,
    355,
    34,
    34,
    "*"
  ],
  [
    4493,
    3629,
    4711,
    5166,
    "+"
  ],
  [
    92,
    64,
    58,
    92,
    "*"
  ],
  [
    853,
    977,
    614,
    6,
    "*"
  ],
  [
    549,
    985,
    195,
    252,
    "+"
  ],
  [
    6,
    43,
    637,
    326,
    "+"
  ],
  [
    1,
    6,
    71,
    31,
    "*"
  ],
  [
    21,
    13,
    13,
    34,
    "+"
  ],
  [
    226,
    85,
    2,
    9,
    "*"
  ],
  [
    826,
    163,
    855,
    9,
    "+"
  ],
  [
    218,
    44,
    78,
    6,
    "+"
  ],
  [
    9,
    7,
    95,
    88,
    "*"
  ],
  [
    182,
    925,
    713,
    456,
    "+"
  ],
  [
    7672,
    915,
    349,
    659,
    "+"
  ],
  [
    88,
    93,
    6,
    9,
    "*"
  ],
  [
    9596,
    5423,
    1442,
    17,
    "+"
  ],
  [
    71,
    737,
    371,
    539,
    "+"
  ],
  [
    56,
    957,
    185,
    418,
    "*"
  ],
  [
    13,
    17,
    114,
    386,
    "*"
  ],
  [
    6146,
    432,
    772,
    598,
    "+"
  ],
  [
    59,
    25,
    62,
    47,
    "+"
  ],
  [
    41,
    58,
    53,
    34,
    "*"
  ],
  [
    631,
    97,
    26,
    8,
    "*"
  ],
  [
    751,
    246,
    31,
    43,
    "*"
  ],
  [
    556,
    514,
    426,
    29,
    "+"
  ],
  [
    373,
    194,
    681,
    96,
    "+"
  ],
  [
    83,
    752,
    949,
    254,
    "*"
  ],
  [
    1,
    2,
    56,
    69,
    "*"
  ],
  [
    93,
    55,
    1,
    7,
    "+"
  ],
  [
    158,
    286,
    22,
    96,
    "*"
  ],
  [
    47,
    26,
    32,
    5,
    "+"
  ],
  [
    9,
    71,
    56,
    95,
    "*"
  ],
  [
    41,
    14,
    5,
    8,
    "*"
  ],
  [
    67,
    9,
    8,
    4,
    "*"
  ],
  [
    75,
    398,
    889,
    1348,
    "+"
  ],
  [
    7666,
    1826,
    765,
    5,
    "+"
  ],
  [
    7936,
    8113,
    2159,
    14,
    "+"
  ],
  [
    1,
    85,
    19,
    41,
    "+"
  ],
  [
    8,
    9,
    56,
    55,
    "*"
  ],
  [
    217,
    892,
    13,
    53,
    "+"
  ],
  [
    3289,
    9293,
    613,
    25,
    "+"
  ],
  [
    57,
    22,
    3,
    6,
    "+"
  ],
  [
    47,
    922,
    611,
    245,
    "*"
  ],
  [
    59,
    2649,
    1998,
    8867,
    "+"
  ],
  [
    74,
    42,
    69,
    57,
    "+"
  ],
  [
    3,
    74,
    13,
    22,
    "+"
  ],
  [
    96,
    5759,
    9777,
    9696,
    "+"
  ],
  [
    49,
    326,
    4979,
    5687,
    "+"
  ],
  [
    53,
    41,
    33,
    2,
    "*"
  ],
  [
    82,
    62,
    61,
    32,
    "+"
  ],
  [
    789,
    186,
    968,
    198,
    "*"
  ],
  [
    51,
    28,
    35,
    7,
    "+"
  ],
  [
    561,
    259,
    971,
    43,
    "+"
  ],
  [
    7,
    5,
    55,
    92,
    "*"
  ],
  [
    85,
    35,
    8673,
    6494,
    "+"
  ],
  [
    5,
    52,
    44,
    76,
    "*"
  ],
  [
    2174,
    8761,
    614,
    113,
    "+"
  ],
  [
    6,
    11,
    11,
    77,
    "*"
  ],
  [
    586,
    437,
    56,
    56,
    "*"
  ],
  [
    6684,
    7389,
    1975,
    551,
    "+"
  ],
  [
    782,
    711,
    4237,
    8359,
    "+"
  ],
  [
    45,
    51,
    56,
    55,
    "+"
  ],
  [
    41,
    69,
    69,
    3,
    "*"
  ],
  [
    38,
    75,
    486,
    317,
    "*"
  ],
  [
    73,
    656,
    173,
    912,
    "*"
  ],
  [
    378,
    649,
    377,
    159,
    "*"
  ],
  [
    47,
    87,
    886,
    355,
    "*"
  ],
  [
    53,
    94,
    32,
    42,
    "*"
  ],
  [
    4,
    3,
    89,
    96,
    "+"
  ],
  [
    6,
    6,
    64,
    48,
    "*"
  ],
  [
    161,
    184,
    311,
    772,
    "+"
  ],
  [
    23,
    91,
    2,
    7,
    "*"
  ],
  [
    4331,
    5313,
    152,
    94,
    "+"
  ],
  [
    13,
    47,
    49,
    98,
    "*"
  ],
  [
    384,
    9564,
    9898,
    5598,
    "+"
  ],
  [
    5,
    21,
    12,
    97,
    "*"
  ],
  [
    19,
    14,
    18,
    74,
    "*"
  ],
  [
    8,
    878,
    543,
    691,
    "*"
  ],
  [
    2115,
    9229,
    6731,
    253,
    "+"
  ],
  [
    191,
    332,
    589,
    56,
    "*"
  ],
  [
    13,
    366,
    689,
    856,
    "+"
  ],
  [
    35,
    35,
    33,
    85,
    "+"
  ],
  [
    835,
    365,
    494,
    389,
    "+"
  ],
  [
    7,
    7,
    25,
    47,
    "*"
  ],
  [
    51,
    222,
    996,
    483,
    "+"
  ],
  [
    3,
    47,
    99,
    94,
    "+"
  ],
  [
    948,
    311,
    24,
    4,
    "+"
  ],
  [
    323,
    719,
    675,
    345,
    "*"
  ],
  [
    19,
    453,
    8542,
    5273,
    "+"
  ],
  [
    269,
    567,
    116,
    796,
    "*"
  ],
  [
    4,
    816,
    788,
    378,
    "*"
  ],
  [
    3,
    8,
    82,
    12,
    "+"
  ],
  [
    87,
    74,
    27,
    6,
    "*"
  ],
  [
    15,
    74,
    75,
    94,
    "*"
  ],
  [
    26,
    14,
    2,
    8,
    "*"
  ],
  [
    195,
    295,
    57,
    6,
    "+"
  ],
  [
    39,
    849,
    295,
    934,
    "*"
  ],
  [
    623,
    563,
    2,
    9,
    "*"
  ],
  [
    73,
    66,
    644,
    276,
    "+"
  ],
  [
    35,
    793,
    731,
    516,
    "+"
  ],
  [
    767,
    693,
    886,
    564,
    "+"
  ],
  [
    8292,
    9877,
    119,
    392,
    "+"
  ],
  [
    71,
    61,
    29,
    3,
    "*"
  ],
  [
    29,
    56,
    75,
    15,
    "*"
  ],
  [
    38,
    8,
    5,
    8,
    "+"
  ],
  [
    2547,
    7661,
    17,
    27,
    "+"
  ],
  [
    15,
    71,
    75,
    52,
    "*"
  ],
  [
    833,
    915,
    7911,
    2794,
    "+"
  ],
  [
    522,
    712,
    367,
    25,
    "*"
  ],
  [
    9,
    49,
    96,
    273,
    "*"
  ],
  [
    1281,
    449,
    631,
    577,
    "+"
  ],
  [
    323,
    6693,
    1269,
    7714,
    "+"
  ],
  [
    6,
    25,
    971,
    186,
    "+"
  ],
  [
    4,
    6,
    42,
    94,
    "*"
  ],
  [
    285,
    438,
    127,
    56,
    "+"
  ],
  [
    69,
    22,
    74,
    37,
    "+"
  ],
  [
    234,
    114,
    95,
    33,
    "*"
  ],
  [
    7229,
    1625,
    7963,
    688,
    "+"
  ],
  [
    6,
    7,
    23,
    72,
    "*"
  ],
  [
    4,
    28,
    348,
    668,
    "*"
  ],
  [
    962,
    234,
    814,
    137,
    "+"
  ],
  [
    16,
    87,
    27,
    958,
    "*"
  ],
  [
    33,
    19,
    9,
    6,
    "*"
  ],
  [
    45,
    163,
    161,
    951,
    "*"
  ],
  [
    236,
    674,
    922,
    97,
    "+"
  ],
  [
    8,
    59,
    88,
    14,
    "+"
  ],
  [
    445,
    791,
    687,
    227,
    "+"
  ],
  [
    4337,
    4994,
    3179,
    6641,
    "+"
  ],
  [
    8,
    41,
    512,
    281,
    "+"
  ],
  [
    21,
    39,
    95,
    6,
    "*"
  ],
  [
    384,
    421,
    96,
    59,
    "+"
  ],
  [
    7,
    88,
    73,
    468,
    "*"
  ],
  [
    1593,
    748,
    128,
    74,
    "+"
  ],
  [
    44,
    92,
    81,
    2,
    "*"
  ],
  [
    9,
    65,
    43,
    75,
    "*"
  ],
  [
    5517,
    4148,
    9739,
    48,
    "+"
  ],
  [
    18,
    22,
    837,
    171,
    "*"
  ],
  [
    3425,
    9685,
    6987,
    56,
    "+"
  ],
  [
    36,
    5,
    7,
    2,
    "*"
  ],
  [
    6,
    4,
    852,
    9822,
    "+"
  ],
  [
    91,
    36,
    391,
    817,
    "*"
  ],
  [
    7,
    67,
    8878,
    7273,
    "+"
  ],
  [
    5855,
    1827,
    156,
    99,
    "+"
  ],
  [
    311,
    9552,
    5896,
    6162,
    "+"
  ],
  [
    725,
    817,
    72,
    31,
    "*"
  ],
  [
    25,
    54,
    773,
    214,
    "*"
  ],
  [
    2,
    1195,
    8125,
    8833,
    "+"
  ],
  [
    2,
    53,
    42,
    49,
    "*"
  ],
  [
    3,
    919,
    3568,
    2847,
    "+"
  ],
  [
    753,
    542,
    429,
    49,
    "*"
  ],
  [
    812,
    587,
    461,
    768,
    "*"
  ],
  [
    978,
    13,
    95,
    8,
    "*"
  ],
  [
    647,
    886,
    43,
    37,
    "*"
  ],
  [
    29,
    85,
    96,
    41,
    "*"
  ],
  [
    618,
    939,
    598,
    721,
    "+"
  ],
  [
    95,
    7897,
    8551,
    7638,
    "+"
  ],
  [
    51,
    24,
    14,
    59,
    "+"
  ],
  [
    8851,
    1582,
    993,
    813,
    "+"
  ],
  [
    9,
    75,
    88,
    51,
    "+"
  ],
  [
    874,
    291,
    276,
    77,
    "*"
  ],
  [
    47,
    52,
    49,
    35,
    "+"
  ],
  [
    366,
    851,
    827,
    917,
    "*"
  ],
  [
    9,
    9,
    25,
    12,
    "+"
  ],
  [
    88,
    89,
    9,
    9,
    "*"
  ],
  [
    7,
    1,
    16,
    95,
    "*"
  ],
  [
    22,
    14,
    67,
    3,
    "*"
  ],
  [
    879,
    46,
    35,
    13,
    "*"
  ],
  [
    182,
    253,
    83,
    92,
    "*"
  ],
  [
    65,
    11,
    13,
    3,
    "*"
  ],
  [
    36,
    328,
    184,
    675,
    "+"
  ],
  [
    365,
    275,
    169,
    79,
    "*"
  ],
  [
    344,
    6,
    2,
    2,
    "+"
  ],
  [
    4799,
    341,
    7,
    7,
    "+"
  ],
  [
    781,
    698,
    189,
    1,
    "*"
  ],
  [
    25,
    46,
    27,
    64,
    "+"
  ],
  [
    72,
    64,
    11,
    79,
    "+"
  ],
  [
    714,
    865,
    6797,
    9482,
    "+"
  ],
  [
    311,
    289,
    893,
    328,
    "+"
  ],
  [
    69,
    73,
    55,
    68,
    "*"
  ],
  [
    5,
    4,
    654,
    351,
    "*"
  ],
  [
    27,
    55,
    32,
    358,
    "+"
  ],
  [
    83,
    423,
    828,
    165,
    "*"
  ],
  [
    769,
    898,
    451,
    33,
    "*"
  ],
  [
    8788,
    199,
    532,
    91,
    "+"
  ],
  [
    25,
    891,
    6241,
    9858,
    "+"
  ],
  [
    95,
    51,
    78,
    64,
    "*"
  ],
  [
    29,
    43,
    46,
    828,
    "*"
  ],
  [
    15,
    98,
    46,
    53,
    "*"
  ],
  [
    12,
    24,
    4,
    5,
    "*"
  ],
  [
    1,
    64,
    54,
    89,
    "+"
  ],
  [
    6,
    74,
    562,
    176,
    "*"
  ],
  [
    13,
    283,
    526,
    311,
    "*"
  ],
  [
    385,
    334,
    317,
    399,
    "*"
  ],
  [
    4354,
    3712,
    145,
    731,
    "+"
  ],
  [
    22,
    63,
    941,
    163,
    "*"
  ],
  [
    73,
    75,
    39,
    75,
    "*"
  ],
  [
    22,
    14,
    27,
    94,
    "+"
  ],
  [
    587,
    931,
    254,
    83,
    "*"
  ],
  [
    278,
    354,
    87,
    2,
    "+"
  ],
  [
    17,
    51,
    64,
    27,
    "+"
  ],
  [
    54,
    44,
    396,
    372,
    "+"
  ],
  [
    13,
    38,
    6,
    5,
    "*"
  ],
  [
    7,
    65,
    73,
    43,
    "*"
  ],
  [
    2,
    64,
    839,
    544,
    "+"
  ],
  [
    226,
    693,
    125,
    87,
    "+"
  ],
  [
    849,
    762,
    23,
    37,
    "+"
  ],
  [
    36,
    45,
    53,
    1,
    "+"
  ],
  [
    16,
    93,
    67,
    71,
    "*"
  ],
  [
    51,
    19,
    431,
    731,
    "*"
  ],
  [
    333,
    57,
    32,
    9,
    "*"
  ],
  [
    75,
    419,
    669,
    277,
    "*"
  ],
  [
    27,
    65,
    166,
    856,
    "*"
  ],
  [
    4,
    69,
    64,
    11,
    "*"
  ],
  [
    5631,
    6893,
    17,
    4,
    "+"
  ],
  [
    3,
    945,
    787,
    414,
    "*"
  ],
  [
    54,
    91,
    279,
    213,
    "*"
  ],
  [
    28,
    26,
    39,
    15,
    "*"
  ],
  [
    66,
    38,
    11,
    31,
    "+"
  ],
  [
    47,
    82,
    16,
    54,
    "+"
  ],
  [
    56,
    857,
    168,
    843,
    "+"
  ],
  [
    522,
    681,
    434,
    161,
    "+"
  ],
  [
    7,
    392,
    866,
    674,
    "*"
  ],
  [
    637,
    916,
    268,
    23,
    "+"
  ],
  [
    17,
    73,
    53,
    11,
    "+"
  ],
  [
    687,
    781,
    54,
    7,
    "+"
  ],
  [
    8743,
    7633,
    8569,
    45,
    "+"
  ],
  [
    76,
    64,
    42,
    15,
    "*"
  ],
  [
    77,
    42,
    269,
    235,
    "+"
  ],
  [
    196,
    623,
    953,
    9,
    "*"
  ],
  [
    54,
    96,
    5,
    9,
    "*"
  ],
  [
    3,
    85,
    65,
    89,
    "+"
  ],
  [
    11,
    94,
    85,
    777,
    "*"
  ],
  [
    317,
    179,
    98,
    9,
    "+"
  ],
  [
    172,
    522,
    168,
    558,
    "*"
  ],
  [
    2,
    97,
    95,
    93,
    "*"
  ],
  [
    99,
    82,
    4,
    6,
    "+"
  ],
  [
    6,
    55,
    68,
    27,
    "+"
  ],
  [
    5,
    82,
    913,
    327,
    "*"
  ],
  [
    14,
    84,
    83,
    16,
    "*"
  ],
  [
    76,
    69,
    91,
    34,
    "+"
  ],
  [
    368,
    245,
    437,
    98,
    "+"
  ],
  [
    8,
    9,
    42,
    97,
    "*"
  ],
  [
    1,
    5,
    61,
    86,
    "*"
  ],
  [
    7953,
    8667,
    1172,
    53,
    "+"
  ],
  [
    23,
    39,
    86,
    394,
    "*"
  ],
  [
    56,
    62,
    36,
    32,
    "+"
  ],
  [
    5,
    3,
    39,
    11,
    "+"
  ],
  [
    82,
    233,
    854,
    695,
    "*"
  ],
  [
    782,
    26,
    92,
    6,
    "*"
  ],
  [
    4,
    7,
    63,
    95,
    "*"
  ],
  [
    23,
    77,
    75,
    28,
    "*"
  ],
  [
    3693,
    6289,
    593,
    715,
    "+"
  ],
  [
    48,
    426,
    782,
    416,
    "+"
  ],
  [
    34,
    77,
    29,
    71,
    "*"
  ],
  [
    23,
    5689,
    9112,
    9227,
    "+"
  ],
  [
    16,
    353,
    174,
    528,
    "*"
  ],
  [
    53,
    23,
    928,
    714,
    "+"
  ],
  [
    61,
    2,
    8,
    7,
    "+"
  ],
  [
    22,
    97,
    16,
    34,
    "+"
  ],
  [
    474,
    275,
    197,
    867,
    "*"
  ],
  [
    7,
    7,
    44,
    47,
    "+"
  ],
  [
    8,
    7,
    64,
    985,
    "+"
  ],
  [
    6,
    71,
    27,
    32,
    "*"
  ],
  [
    912,
    26,
    24,
    46,
    "+"
  ],
  [
    296,
    594,
    88,
    26,
    "+"
  ],
  [
    8,
    12,
    74,
    65,
    "+"
  ],
  [
    2,
    46,
    876,
    798,
    "*"
  ],
  [
    19,
    42,
    85,
    63,
    "+"
  ],
  [
    776,
    472,
    966,
    539,
    "+"
  ],
  [
    19,
    5428,
    8883,
    2641,
    "+"
  ],
  [
    6,
    81,
    83,
    59,
    "*"
  ],
  [
    317,
    655,
    63,
    61,
    "+"
  ],
  [
    8732,
    2313,
    727,
    17,
    "+"
  ],
  [
    955,
    672,
    292,
    61,
    "*"
  ],
  [
    17,
    414,
    163,
    418,
    "*"
  ],
  [
    7,
    5,
    62,
    52,
    "*"
  ],
  [
    2,
    22,
    43,
    24,
    "*"
  ],
  [
    21,
    618,
    114,
    738,
    "*"
  ],
  [
    291,
    476,
    157,
    43,
    "*"
  ],
  [
    46,
    48,
    99,
    89,
    "+"
  ],
  [
    95,
    71,
    25,
    9,
    "+"
  ],
  [
    1,
    65,
    66,
    61,
    "+"
  ],
  [
    9,
    37,
    18,
    77,
    "+"
  ],
  [
    4433,
    3114,
    1932,
    387,
    "+"
  ],
  [
    617,
    411,
    178,
    62,
    "*"
  ],
  [
    8,
    2,
    3,
    22,
    "*"
  ],
  [
    14,
    123,
    6549,
    1698,
    "+"
  ],
  [
    793,
    361,
    78,
    4,
    "*"
  ],
  [
    3825,
    1355,
    5561,
    2978,
    "+"
  ],
  [
    3864,
    134,
    896,
    28,
    "+"
  ],
  [
    696,
    914,
    336,
    1,
    "*"
  ],
  [
    44,
    84,
    62,
    54,
    "*"
  ],
  [
    12,
    476,
    729,
    181,
    "*"
  ],
  [
    96,
    67,
    49,
    2,
    "*"
  ],
  [
    16,
    43,
    63,
    56,
    "+"
  ],
  [
    78,
    71,
    832,
    578,
    "*"
  ],
  [
    84,
    82,
    38,
    69,
    "*"
  ],
  [
    73,
    14,
    92,
    36,
    "+"
  ],
  [
    26,
    26,
    98,
    33,
    "+"
  ],
  [
    88,
    34,
    99,
    62,
    "*"
  ],
  [
    8,
    223,
    265,
    514,
    "+"
  ],
  [
    96,
    15,
    6,
    1,
    "*"
  ],
  [
    27,
    19,
    39,
    95,
    "*"
  ],
  [
    4,
    7,
    96,
    55,
    "+"
  ],
  [
    57,
    81,
    65,
    19,
    "+"
  ],
  [
    27,
    53,
    65,
    85,
    "+"
  ],
  [
    8,
    8,
    69,
    65,
    "+"
  ],
  [
    556,
    971,
    597,
    74,
    "+"
  ],
  [
    832,
    7789,
    2825,
    3275,
    "+"
  ],
  [
    53,
    74,
    8,
    2,
    "+"
  ],
  [
    8596,
    2883,
    8148,
    5167,
    "+"
  ],
  [
    4,
    615,
    875,
    174,
    "*"
  ],
  [
    5,
    9,
    377,
    468,
    "*"
  ],
  [
    351,
    732,
    72,
    35,
    "*"
  ],
  [
    5888,
    6985,
    7534,
    6378,
    "+"
  ],
  [
    18,
    1,
    8,
    4,
    "*"
  ],
  [
    141,
    889,
    355,
    7537,
    "+"
  ],
  [
    873,
    783,
    541,
    19,
    "+"
  ],
  [
    87,
    12,
    46,
    93,
    "*"
  ],
  [
    858,
    925,
    3981,
    6563,
    "+"
  ],
  [
    891,
    511,
    958,
    118,
    "+"
  ],
  [
    4,
    69,
    87,
    74,
    "+"
  ],
  [
    699,
    652,
    838,
    61,
    "*"
  ],
  [
    491,
    392,
    129,
    939,
    "*"
  ],
  [
    82,
    89,
    93,
    647,
    "*"
  ],
  [
    35,
    819,
    357,
    592,
    "+"
  ],
  [
    9,
    77,
    89,
    66,
    "*"
  ],
  [
    92,
    65,
    68,
    18,
    "*"
  ],
  [
    9,
    47,
    476,
    6328,
    "+"
  ],
  [
    15,
    62,
    29,
    66,
    "*"
  ],
  [
    3,
    12,
    65,
    44,
    "+"
  ],
  [
    85,
    19,
    39,
    75,
    "*"
  ],
  [
    11,
    96,
    29,
    68,
    "*"
  ],
  [
    3,
    97,
    546,
    813,
    "+"
  ],
  [
    4,
    76,
    122,
    373,
    "*"
  ],
  [
    78,
    66,
    75,
    82,
    "+"
  ],
  [
    21,
    96,
    37,
    57,
    "+"
  ],
  [
    65,
    66,
    24,
    66,
    "+"
  ],
  [
    5,
    78,
    21,
    42,
    "*"
  ],
  [
    418,
    599,
    792,
    787,
    "*"
  ],
  [
    867,
    822,
    769,
    511,
    "*"
  ],
  [
    6,
    96,
    73,
    19,
    "+"
  ],
  [
    84,
    892,
    537,
    531,
    "+"
  ],
  [
    3551,
    8491,
    9834,
    999,
    "+"
  ],
  [
    6866,
    1368,
    687,
    2,
    "+"
  ],
  [
    7,
    93,
    977,
    6536,
    "+"
  ],
  [
    38,
    89,
    48,
    2,
    "*"
  ],
  [
    32,
    52,
    12,
    53,
    "*"
  ],
  [
    5832,
    411,
    987,
    38,
    "+"
  ],
  [
    48,
    93,
    47,
    1,
    "+"
  ],
  [
    352,
    247,
    41,
    8,
    "+"
  ],
  [
    91,
    27,
    75,
    76,
    "+"
  ],
  [
    45,
    26,
    9629,
    9659,
    "+"
  ],
  [
    9,
    81,
    65,
    78,
    "+"
  ],
  [
    9,
    2,
    84,
    87,
    "*"
  ],
  [
    161,
    843,
    513,
    6878,
    "+"
  ],
  [
    9338,
    2171,
    8417,
    7219,
    "+"
  ],
  [
    78,
    26,
    37,
    87,
    "+"
  ],
  [
    783,
    412,
    458,
    666,
    "+"
  ],
  [
    9,
    14,
    86,
    46,
    "*"
  ],
  [
    514,
    181,
    28,
    6,
    "+"
  ],
  [
    27,
    38,
    58,
    75,
    "*"
  ],
  [
    345,
    891,
    744,
    439,
    "+"
  ],
  [
    1,
    59,
    83,
    32,
    "+"
  ],
  [
    39,
    72,
    358,
    227,
    "+"
  ],
  [
    1,
    6,
    63,
    88,
    "*"
  ],
  [
    218,
    494,
    35,
    45,
    "*"
  ],
  [
    84,
    738,
    159,
    631,
    "+"
  ],
  [
    4543,
    412,
    161,
    54,
    "+"
  ],
  [
    7,
    58,
    98,
    17,
    "+"
  ],
  [
    54,
    53,
    65,
    32,
    "*"
  ],
  [
    318,
    621,
    65,
    81,
    "*"
  ],
  [
    981,
    923,
    63,
    2,
    "+"
  ],
  [
    9,
    8,
    595,
    275,
    "*"
  ],
  [
    2,
    23,
    91,
    12,
    "*"
  ],
  [
    48,
    41,
    45,
    7,
    "+"
  ],
  [
    88,
    68,
    69,
    6,
    "*"
  ],
  [
    56,
    4,
    9,
    7,
    "*"
  ],
  [
    7973,
    3756,
    733,
    44,
    "+"
  ],
  [
    9,
    414,
    482,
    998,
    "*"
  ],
  [
    92,
    212,
    257,
    922,
    "*"
  ],
  [
    5,
    3,
    57,
    495,
    "+"
  ],
  [
    793,
    665,
    684,
    97,
    "*"
  ],
  [
    27,
    21,
    39,
    25,
    "+"
  ],
  [
    26,
    588,
    767,
    614,
    "*"
  ],
  [
    39,
    26,
    76,
    36,
    "*"
  ],
  [
    88,
    46,
    58,
    95,
    "+"
  ],
  [
    62,
    95,
    47,
    87,
    "*"
  ],
  [
    363,
    163,
    618,
    83,
    "*"
  ],
  [
    97,
    926,
    386,
    296,
    "+"
  ],
  [
    6,
    24,
    325,
    493,
    "*"
  ],
  [
    865,
    76,
    21,
    9,
    "*"
  ],
  [
    62,
    68,
    14,
    41,
    "*"
  ],
  [
    14,
    61,
    7,
    9,
    "+"
  ],
  [
    739,
    736,
    483,
    767,
    "*"
  ],
  [
    553,
    514,
    291,
    252,
    "*"
  ],
  [
    7,
    5,
    88,
    24,
    "+"
  ],
  [
    72,
    77,
    62,
    42,
    "+"
  ],
  [
    2,
    17,
    61,
    64,
    "+"
  ],
  [
    6,
    56,
    132,
    255,
    "*"
  ],
  [
    5,
    3,
    3,
    61,
    "+"
  ],
  [
    67,
    67,
    6,
    5,
    "+"
  ],
  [
    859,
    798,
    72,
    45,
    "+"
  ],
  [
    963,
    56,
    73,
    6,
    "+"
  ],
  [
    1652,
    7932,
    2722,
    57,
    "+"
  ],
  [
    16,
    87,
    62,
    46,
    "*"
  ],
  [
    718,
    374,
    728,
    89,
    "*"
  ],
  [
    67,
    48,
    79,
    57,
    "+"
  ],
  [
    5,
    8,
    863,
    986,
    "*"
  ],
  [
    31,
    391,
    1915,
    4663,
    "+"
  ],
  [
    86,
    99,
    15,
    4,
    "*"
  ],
  [
    23,
    72,
    73,
    53,
    "*"
  ],
  [
    569,
    433,
    76,
    3,
    "*"
  ],
  [
    4,
    15,
    54,
    847,
    "*"
  ],
  [
    6,
    19,
    18,
    51,
    "*"
  ],
  [
    71,
    61,
    78,
    65,
    "+"
  ],
  [
    79,
    82,
    77,
    78,
    "*"
  ],
  [
    4,
    4,
    15,
    13,
    "*"
  ],
  [
    33,
    8,
    3,
    4,
    "+"
  ],
  [
    8,
    44,
    976,
    423,
    "+"
  ],
  [
    39,
    522,
    711,
    374,
    "+"
  ],
  [
    26,
    24,
    82,
    89,
    "*"
  ],
  [
    21,
    66,
    8,
    6,
    "*"
  ],
  [
    8,
    8,
    86,
    81,
    "*"
  ],
  [
    37,
    53,
    13,
    5,
    "+"
  ],
  [
    41,
    77,
    67,
    18,
    "+"
  ],
  [
    9,
    6431,
    1594,
    9191,
    "+"
  ],
  [
    14,
    513,
    841,
    259,
    "*"
  ],
  [
    871,
    978,
    655,
    485,
    "*"
  ],
  [
    5,
    76,
    26,
    28,
    "*"
  ],
  [
    4,
    9,
    63,
    36,
    "*"
  ],
  [
    88,
    99,
    14,
    8,
    "+"
  ],
  [
    53,
    98,
    48,
    88,
    "*"
  ],
  [
    34,
    94,
    94,
    584,
    "*"
  ],
  [
    2,
    574,
    567,
    757,
    "*"
  ],
  [
    651,
    268,
    14,
    9,
    "*"
  ],
  [
    89,
    39,
    794,
    653,
    "*"
  ],
  [
    99,
    56,
    2,
    3,
    "*"
  ],
  [
    344,
    194,
    8,
    7,
    "+"
  ],
  [
    2,
    14,
    57,
    15,
    "*"
  ],
  [
    359,
    323,
    21,
    24,
    "*"
  ],
  [
    5,
    5,
    615,
    1549,
    "+"
  ],
  [
    5,
    264,
    521,
    818,
    "*"
  ],
  [
    3425,
    1682,
    4781,
    973,
    "+"
  ],
  [
    235,
    729,
    18,
    5,
    "*"
  ],
  [
    545,
    979,
    168,
    328,
    "*"
  ],
  [
    13,
    62,
    394,
    587,
    "+"
  ],
  [
    23,
    68,
    62,
    16,
    "*"
  ],
  [
    9751,
    3187,
    913,
    675,
    "+"
  ],
  [
    686,
    394,
    937,
    644,
    "*"
  ],
  [
    3697,
    1883,
    5235,
    2328,
    "+"
  ],
  [
    68,
    44,
    93,
    81,
    "+"
  ],
  [
    66,
    12,
    97,
    76,
    "*"
  ],
  [
    63,
    58,
    313,
    9981,
    "+"
  ],
  [
    253,
    414,
    6842,
    2684,
    "+"
  ],
  [
    1166,
    8373,
    5146,
    39,
    "+"
  ],
  [
    267,
    969,
    616,
    461,
    "*"
  ],
  [
    52,
    8,
    9,
    6,
    "+"
  ],
  [
    88,
    882,
    178,
    668,
    "*"
  ],
  [
    7152,
    7187,
    217,
    3,
    "+"
  ],
  [
    57,
    63,
    46,
    177,
    "*"
  ],
  [
    819,
    166,
    448,
    282,
    "*"
  ],
  [
    245,
    155,
    76,
    29,
    "*"
  ],
  [
    28,
    57,
    83,
    68,
    "+"
  ],
  [
    2616,
    1528,
    166,
    38,
    "+"
  ],
  [
    781,
    66,
    33,
    7,
    "*"
  ],
  [
    2,
    73,
    92,
    65,
    "+"
  ],
  [
    984,
    642,
    733,
    936,
    "+"
  ],
  [
    925,
    423,
    491,
    69,
    "+"
  ],
  [
    71,
    52,
    77,
    73,
    "*"
  ],
  [
    71,
    113,
    248,
    156,
    "*"
  ],
  [
    7,
    48,
    51,
    375,
    "*"
  ],
  [
    246,
    752,
    556,
    76,
    "+"
  ],
  [
    83,
    87,
    67,
    8,
    "+"
  ],
  [
    89,
    11,
    2,
    7,
    "*"
  ],
  [
    41,
    31,
    567,
    783,
    "+"
  ],
  [
    9,
    89,
    62,
    83,
    "+"
  ],
  [
    336,
    245,
    51,
    4,
    "*"
  ],
  [
    97,
    55,
    43,
    8,
    "*"
  ],
  [
    272,
    991,
    313,
    7,
    "*"
  ],
  [
    4,
    17,
    646,
    341,
    "*"
  ],
  [
    685,
    259,
    743,
    91,
    "*"
  ],
  [
    8,
    3,
    74,
    41,
    "+"
  ],
  [
    46,
    2,
    5,
    5,
    "*"
  ],
  [
    753,
    553,
    56,
    82,
    "+"
  ],
  [
    3,
    6,
    19,
    38,
    "+"
  ],
  [
    4,
    3,
    62,
    97,
    "+"
  ],
  [
    56,
    97,
    1,
    4,
    "+"
  ],
  [
    13,
    775,
    1845,
    9876,
    "+"
  ],
  [
    64,
    59,
    29,
    15,
    "+"
  ],
  [
    976,
    243,
    65,
    3,
    "*"
  ],
  [
    14,
    56,
    477,
    514,
    "*"
  ],
  [
    276,
    445,
    56,
    76,
    "*"
  ],
  [
    11,
    222,
    951,
    353,
    "+"
  ],
  [
    18,
    36,
    49,
    84,
    "+"
  ],
  [
    837,
    455,
    74,
    29,
    "*"
  ],
  [
    6,
    674,
    961,
    913,
    "*"
  ],
  [
    597,
    459,
    428,
    83,
    "+"
  ],
  [
    29,
    15,
    662,
    192,
    "*"
  ],
  [
    17,
    668,
    226,
    939,
    "+"
  ],
  [
    6,
    3,
    73,
    28,
    "+"
  ],
  [
    45,
    12,
    17,
    45,
    "*"
  ],
  [
    5947,
    645,
    754,
    54,
    "+"
  ],
  [
    3,
    14,
    579,
    861,
    "*"
  ],
  [
    92,
    895,
    624,
    373,
    "*"
  ],
  [
    7,
    62,
    15,
    223,
    "*"
  ],
  [
    7,
    13,
    68,
    92,
    "*"
  ],
  [
    5575,
    1116,
    839,
    884,
    "+"
  ],
  [
    43,
    26,
    1,
    3,
    "*"
  ],
  [
    236,
    523,
    791,
    331,
    "*"
  ],
  [
    44,
    48,
    11,
    7,
    "*"
  ],
  [
    222,
    225,
    487,
    3,
    "*"
  ],
  [
    8,
    24,
    836,
    476,
    "+"
  ],
  [
    34,
    58,
    2,
    7,
    "*"
  ],
  [
    671,
    652,
    211,
    816,
    "*"
  ],
  [
    2612,
    997,
    364,
    573,
    "+"
  ],
  [
    18,
    274,
    131,
    999,
    "*"
  ],
  [
    9,
    78,
    298,
    746,
    "*"
  ],
  [
    235,
    889,
    414,
    872,
    "+"
  ],
  [
    75,
    25,
    83,
    88,
    "+"
  ],
  [
    269,
    46,
    42,
    57,
    "*"
  ],
  [
    9158,
    755,
    952,
    23,
    "+"
  ],
  [
    38,
    576,
    679,
    6628,
    "+"
  ],
  [
    81,
    3,
    1,
    1,
    "+"
  ],
  [
    2,
    39,
    42,
    41,
    "*"
  ],
  [
    74,
    96,
    43,
    23,
    "*"
  ],
  [
    9,
    548,
    3492,
    9274,
    "+"
  ],
  [
    5,
    68,
    22,
    711,
    "*"
  ],
  [
    4767,
    1252,
    368,
    35,
    "+"
  ],
  [
    336,
    2628,
    2468,
    3767,
    "+"
  ],
  [
    683,
    273,
    49,
    46,
    "+"
  ],
  [
    1317,
    7414,
    63,
    8,
    "+"
  ],
  [
    98,
    53,
    7,
    4,
    "+"
  ],
  [
    86,
    126,
    883,
    5868,
    "+"
  ],
  [
    9227,
    1238,
    2444,
    64,
    "+"
  ],
  [
    7,
    56,
    849,
    574,
    "+"
  ],
  [
    2,
    3,
    69,
    68,
    "+"
  ],
  [
    16,
    25,
    85,
    67,
    "+"
  ],
  [
    8464,
    1457,
    4469,
    9668,
    "+"
  ],
  [
    529,
    42,
    38,
    92,
    "*"
  ],
  [
    25,
    65,
    58,
    94,
    "+"
  ],
  [
    32,
    88,
    12,
    95,
    "+"
  ],
  [
    84,
    83,
    9,
    9,
    "+"
  ],
  [
    23,
    36,
    1,
    9,
    "+"
  ],
  [
    29,
    53,
    81,
    88,
    "*"
  ],
  [
    233,
    73,
    52,
    2,
    "*"
  ],
  [
    38,
    28,
    881,
    556,
    "+"
  ],
  [
    37,
    12,
    68,
    423,
    "+"
  ],
  [
    621,
    997,
    287,
    121,
    "*"
  ],
  [
    383,
    265,
    771,
    729,
    "*"
  ],
  [
    9763,
    8571,
    8292,
    829,
    "+"
  ],
  [
    171,
    876,
    783,
    286,
    "+"
  ],
  [
    44,
    755,
    112,
    4617,
    "+"
  ],
  [
    489,
    579,
    426,
    253,
    "+"
  ],
  [
    81,
    66,
    84,
    62,
    "+"
  ],
  [
    75,
    27,
    24,
    2,
    "+"
  ],
  [
    17,
    64,
    5,
    7,
    "*"
  ],
  [
    59,
    58,
    9371,
    3694,
    "+"
  ],
  [
    25,
    64,
    44,
    74,
    "*"
  ],
  [
    12,
    57,
    1,
    1,
    "*"
  ],
  [
    68,
    23,
    75,
    93,
    "+"
  ],
  [
    655,
    724,
    73,
    1,
    "*"
  ],
  [
    7,
    31,
    82,
    74,
    "*"
  ],
  [
    93,
    66,
    86,
    96,
    "*"
  ],
  [
    89,
    44,
    572,
    629,
    "*"
  ],
  [
    71,
    815,
    613,
    895,
    "+"
  ],
  [
    72,
    98,
    7,
    6,
    "+"
  ],
  [
    8,
    12,
    25,
    78,
    "+"
  ],
  [
    7,
    1,
    212,
    2963,
    "+"
  ],
  [
    6,
    8,
    52,
    66,
    "*"
  ],
  [
    419,
    294,
    723,
    521,
    "+"
  ],
  [
    7,
    78,
    35,
    48,
    "+"
  ],
  [
    96,
    79,
    21,
    92,
    "*"
  ],
  [
    652,
    479,
    18,
    68,
    "*"
  ],
  [
    4,
    38,
    746,
    769,
    "*"
  ],
  [
    3,
    12,
    224,
    889,
    "*"
  ],
  [
    3142,
    2957,
    7726,
    594,
    "+"
  ],
  [
    49,
    77,
    38,
    9,
    "+"
  ],
  [
    28,
    32,
    1,
    8,
    "*"
  ],
  [
    656,
    557,
    852,
    3,
    "+"
  ],
  [
    9498,
    4384,
    755,
    745,
    "+"
  ],
  [
    49,
    31,
    275,
    291,
    "*"
  ],
  [
    582,
    993,
    628,
    5,
    "+"
  ],
  [
    1,
    84,
    44,
    71,
    "+"
  ],
  [
    884,
    1142,
    3238,
    9252,
    "+"
  ],
  [
    885,
    674,
    735,
    38,
    "*"
  ],
  [
    85,
    52,
    46,
    7,
    "*"
  ],
  [
    439,
    9268,
    3118,
    1346,
    "+"
  ],
  [
    6,
    68,
    841,
    998,
    "*"
  ],
  [
    53,
    36,
    16,
    76,
    "+"
  ],
  [
    22,
    41,
    57,
    83,
    "*"
  ],
  [
    2857,
    4856,
    411,
    12,
    "+"
  ],
  [
    3,
    62,
    391,
    127,
    "*"
  ],
  [
    6,
    98,
    847,
    346,
    "*"
  ],
  [
    337,
    933,
    134,
    99,
    "*"
  ],
  [
    93,
    797,
    5118,
    5217,
    "+"
  ],
  [
    5154,
    3875,
    89,
    3,
    "+"
  ],
  [
    94,
    99,
    72,
    6,
    "*"
  ],
  [
    68,
    11,
    7,
    8,
    "*"
  ],
  [
    659,
    488,
    559,
    79,
    "*"
  ],
  [
    82,
    21,
    13,
    44,
    "*"
  ],
  [
    8,
    626,
    361,
    395,
    "+"
  ],
  [
    33,
    348,
    843,
    734,
    "*"
  ],
  [
    73,
    11,
    17,
    29,
    "*"
  ],
  [
    16,
    67,
    81,
    1,
    "*"
  ],
  [
    13,
    18,
    92,
    67,
    "*"
  ],
  [
    68,
    18,
    1,
    2,
    "+"
  ],
  [
    862,
    163,
    832,
    11,
    "+"
  ],
  [
    35,
    25,
    66,
    55,
    "+"
  ],
  [
    81,
    27,
    53,
    71,
    "*"
  ],
  [
    515,
    21,
    1,
    3,
    "*"
  ],
  [
    48,
    61,
    64,
    2,
    "+"
  ],
  [
    43,
    774,
    3757,
    9849,
    "+"
  ],
  [
    1,
    9,
    28,
    38,
    "*"
  ],
  [
    5833,
    4451,
    9283,
    8325,
    "+"
  ],
  [
    8,
    32,
    63,
    44,
    "*"
  ],
  [
    34,
    15,
    13,
    66,
    "*"
  ],
  [
    271,
    774,
    792,
    55,
    "+"
  ],
  [
    7,
    58,
    987,
    446,
    "*"
  ],
  [
    6,
    76,
    272,
    816,
    "*"
  ],
  [
    45,
    86,
    912,
    945,
    "+"
  ],
  [
    22,
    59,
    51,
    6,
    "*"
  ],
  [
    48,
    37,
    22,
    716,
    "+"
  ],
  [
    81,
    89,
    99,
    68,
    "*"
  ],
  [
    4,
    5,
    65,
    43,
    "*"
  ],
  [
    2,
    4,
    59,
    91,
    "*"
  ],
  [
    224,
    895,
    48,
    5,
    "*"
  ],
  [
    819,
    563,
    476,
    894,
    "+"
  ],
  [
    22,
    44,
    44,
    9,
    "+"
  ],
  [
    22,
    26,
    43,
    16,
    "*"
  ],
  [
    4,
    9,
    69,
    25,
    "+"
  ],
  [
    176,
    597,
    575,
    26,
    "+"
  ],
  [
    47,
    54,
    61,
    57,
    "+"
  ],
  [
    38,
    27,
    21,
    64,
    "*"
  ],
  [
    67,
    6,
    6,
    5,
    "+"
  ],
  [
    745,
    812,
    73,
    42,
    "*"
  ],
  [
    592,
    355,
    46,
    6,
    "+"
  ],
  [
    8547,
    9464,
    65,
    7,
    "+"
  ],
  [
    758,
    214,
    261,
    465,
    "*"
  ],
  [
    6,
    25,
    592,
    212,
    "+"
  ],
  [
    75,
    35,
    13,
    4,
    "+"
  ],
  [
    562,
    989,
    188,
    18,
    "*"
  ],
  [
    24,
    4,
    5,
    7,
    "*"
  ],
  [
    77,
    63,
    43,
    43,
    "*"
  ],
  [
    43,
    99,
    55,
    648,
    "*"
  ],
  [
    6923,
    8958,
    2253,
    1454,
    "+"
  ],
  [
    32,
    92,
    87,
    19,
    "+"
  ],
  [
    34,
    9963,
    1761,
    2922,
    "+"
  ],
  [
    1464,
    392,
    753,
    3,
    "+"
  ],
  [
    461,
    788,
    28,
    66,
    "+"
  ],
  [
    177,
    397,
    646,
    83,
    "*"
  ],
  [
    898,
    458,
    866,
    253,
    "*"
  ],
  [
    47,
    29,
    78,
    1,
    "*"
  ],
  [
    2423,
    4824,
    123,
    68,
    "+"
  ],
  [
    98,
    71,
    39,
    83,
    "*"
  ],
  [
    182,
    366,
    953,
    2,
    "+"
  ],
  [
    2491,
    5873,
    4283,
    318,
    "+"
  ],
  [
    2593,
    566,
    26,
    52,
    "+"
  ],
  [
    9,
    34,
    42,
    71,
    "+"
  ],
  [
    57,
    8519,
    5838,
    2248,
    "+"
  ],
  [
    96,
    81,
    2,
    3,
    "*"
  ],
  [
    65,
    36,
    85,
    14,
    "*"
  ],
  [
    556,
    867,
    32,
    53,
    "*"
  ],
  [
    284,
    662,
    61,
    95,
    "+"
  ],
  [
    94,
    366,
    7424,
    1827,
    "+"
  ],
  [
    3,
    913,
    9494,
    3515,
    "+"
  ],
  [
    7173,
    9482,
    86,
    71,
    "+"
  ],
  [
    8126,
    191,
    947,
    94,
    "+"
  ],
  [
    7345,
    8272,
    265,
    8,
    "+"
  ],
  [
    62,
    39,
    59,
    6,
    "+"
  ],
  [
    77,
    89,
    56,
    74,
    "*"
  ],
  [
    1,
    22,
    333,
    287,
    "*"
  ],
  [
    2,
    25,
    6773,
    8924,
    "+"
  ],
  [
    87,
    19,
    65,
    84,
    "+"
  ],
  [
    12,
    225,
    452,
    668,
    "*"
  ],
  [
    21,
    3428,
    6267,
    8777,
    "+"
  ],
  [
    1,
    54,
    89,
    17,
    "+"
  ],
  [
    16,
    46,
    38,
    14,
    "+"
  ],
  [
    1,
    315,
    485,
    131,
    "*"
  ],
  [
    7689,
    8788,
    237,
    68,
    "+"
  ],
  [
    29,
    35,
    6,
    4,
    "*"
  ],
  [
    532,
    346,
    558,
    328,
    "+"
  ],
  [
    72,
    84,
    94,
    63,
    "*"
  ],
  [
    843,
    441,
    488,
    2,
    "*"
  ],
  [
    3,
    24,
    463,
    823,
    "*"
  ],
  [
    33,
    56,
    77,
    25,
    "*"
  ],
  [
    176,
    619,
    533,
    971,
    "+"
  ],
  [
    78,
    58,
    12,
    2,
    "*"
  ],
  [
    11,
    8,
    6,
    5,
    "*"
  ],
  [
    1813,
    1496,
    946,
    137,
    "+"
  ],
  [
    21,
    59,
    16,
    37,
    "+"
  ],
  [
    94,
    321,
    192,
    777,
    "*"
  ],
  [
    779,
    592,
    947,
    2,
    "+"
  ],
  [
    86,
    44,
    46,
    68,
    "*"
  ],
  [
    544,
    662,
    7,
    6,
    "*"
  ],
  [
    398,
    994,
    227,
    25,
    "+"
  ],
  [
    84,
    88,
    5,
    4,
    "*"
  ],
  [
    6,
    44,
    82,
    763,
    "*"
  ],
  [
    36,
    69,
    33,
    52,
    "*"
  ],
  [
    28,
    585,
    114,
    483,
    "*"
  ],
  [
    674,
    733,
    492,
    583,
    "*"
  ],
  [
    37,
    16,
    38,
    34,
    "*"
  ],
  [
    98,
    28,
    63,
    2,
    "+"
  ],
  [
    363,
    687,
    126,
    9,
    "+"
  ],
  [
    644,
    538,
    36,
    36,
    "*"
  ],
  [
    37,
    14,
    92,
    67,
    "+"
  ],
  [
    2,
    24,
    455,
    555,
    "+"
  ],
  [
    96,
    58,
    26,
    81,
    "+"
  ],
  [
    73,
    26,
    82,
    81,
    "+"
  ],
  [
    91,
    444,
    589,
    955,
    "+"
  ],
  [
    86,
    963,
    319,
    239,
    "*"
  ],
  [
    58,
    42,
    75,
    59,
    "*"
  ],
  [
    65,
    35,
    66,
    3,
    "*"
  ],
  [
    6413,
    7683,
    762,
    26,
    "+"
  ],
  [
    53,
    442,
    779,
    261,
    "*"
  ],
  [
    739,
    553,
    1151,
    1641,
    "+"
  ],
  [
    81,
    21,
    16,
    7,
    "*"
  ],
  [
    2869,
    7561,
    23,
    38,
    "+"
  ],
  [
    135,
    773,
    271,
    914,
    "+"
  ],
  [
    16,
    49,
    23,
    48,
    "*"
  ],
  [
    93,
    24,
    94,
    4,
    "*"
  ],
  [
    6348,
    9565,
    13,
    17,
    "+"
  ],
  [
    395,
    698,
    59,
    12,
    "+"
  ],
  [
    48,
    59,
    62,
    28,
    "*"
  ],
  [
    21,
    46,
    78,
    4,
    "*"
  ],
  [
    285,
    993,
    5,
    4,
    "+"
  ],
  [
    5,
    1,
    83,
    13,
    "*"
  ],
  [
    15,
    248,
    621,
    593,
    "+"
  ],
  [
    187,
    143,
    24,
    9,
    "+"
  ],
  [
    13,
    73,
    64,
    16,
    "*"
  ],
  [
    33,
    98,
    56,
    49,
    "*"
  ],
  [
    6862,
    1633,
    339,
    28,
    "+"
  ],
  [
    47,
    72,
    35,
    3,
    "*"
  ],
  [
    592,
    528,
    998,
    939,
    "*"
  ],
  [
    231,
    297,
    26,
    47,
    "+"
  ],
  [
    9984,
    7191,
    7917,
    281,
    "+"
  ],
  [
    691,
    48,
    77,
    7,
    "*"
  ],
  [
    218,
    251,
    674,
    649,
    "*"
  ],
  [
    21,
    4417,
    9523,
    2367,
    "+"
  ],
  [
    81,
    37,
    66,
    58,
    "+"
  ],
  [
    982,
    855,
    179,
    72,
    "+"
  ],
  [
    2,
    43,
    87,
    395,
    "*"
  ],
  [
    3,
    9,
    15,
    31,
    "*"
  ],
  [
    47,
    89,
    87,
    4,
    "+"
  ],
  [
    91,
    74,
    322,
    114,
    "*"
  ],
  [
    3697,
    138,
    86,
    9,
    "+"
  ],
  [
    819,
    613,
    845,
    361,
    "+"
  ],
  [
    874,
    827,
    135,
    43,
    "+"
  ],
  [
    638,
    637,
    252,
    37,
    "*"
  ],
  [
    65,
    18,
    51,
    28,
    "*"
  ],
  [
    11,
    631,
    6189,
    6914,
    "+"
  ],
  [
    16,
    51,
    61,
    5,
    "*"
  ],
  [
    375,
    241,
    475,
    881,
    "+"
  ],
  [
    528,
    817,
    57,
    2,
    "+"
  ],
  [
    47,
    421,
    973,
    993,
    "*"
  ],
  [
    93,
    53,
    71,
    54,
    "+"
  ],
  [
    77,
    161,
    758,
    637,
    "*"
  ],
  [
    43,
    18,
    8,
    1,
    "+"
  ],
  [
    48,
    471,
    722,
    3392,
    "+"
  ],
  [
    78,
    516,
    4147,
    8142,
    "+"
  ],
  [
    83,
    589,
    246,
    828,
    "*"
  ],
  [
    215,
    482,
    948,
    9,
    "*"
  ],
  [
    75,
    93,
    133,
    885,
    "*"
  ],
  [
    51,
    92,
    331,
    982,
    "*"
  ],
  [
    88,
    77,
    55,
    1,
    "*"
  ],
  [
    93,
    75,
    16,
    75,
    "+"
  ],
  [
    24,
    29,
    837,
    694,
    "*"
  ],
  [
    44,
    98,
    33,
    31,
    "*"
  ],
  [
    2,
    2,
    73,
    355,
    "*"
  ],
  [
    5,
    3,
    412,
    859,
    "*"
  ],
  [
    395,
    185,
    411,
    936,
    "*"
  ],
  [
    35,
    77,
    27,
    71,
    "+"
  ],
  [
    68,
    98,
    71,
    656,
    "*"
  ],
  [
    6585,
    7965,
    667,
    76,
    "+"
  ],
  [
    564,
    842,
    27,
    55,
    "*"
  ],
  [
    48,
    68,
    38,
    98,
    "+"
  ],
  [
    911,
    881,
    929,
    368,
    "+"
  ],
  [
    1616,
    4455,
    7596,
    629,
    "+"
  ],
  [
    91,
    258,
    487,
    895,
    "*"
  ],
  [
    83,
    59,
    54,
    48,
    "*"
  ],
  [
    646,
    899,
    843,
    33,
    "*"
  ],
  [
    328,
    382,
    3485,
    4434,
    "+"
  ],
  [
    76,
    67,
    67,
    66,
    "*"
  ],
  [
    5,
    6,
    66,
    25,
    "+"
  ],
  [
    656,
    194,
    37,
    8,
    "+"
  ],
  [
    166,
    737,
    59,
    54,
    "+"
  ],
  [
    48,
    87,
    93,
    35,
    "+"
  ],
  [
    21,
    27,
    55,
    11,
    "*"
  ],
  [
    992,
    564,
    647,
    93,
    "*"
  ],
  [
    3,
    57,
    57,
    34,
    "+"
  ],
  [
    892,
    3359,
    4185,
    4995,
    "+"
  ],
  [
    894,
    422,
    454,
    378,
    "*"
  ],
  [
    977,
    159,
    396,
    373,
    "*"
  ],
  [
    18,
    43,
    689,
    554,
    "+"
  ],
  [
    39,
    78,
    99,
    6,
    "*"
  ],
  [
    85,
    528,
    385,
    639,
    "+"
  ],
  [
    2255,
    6464,
    331,
    465,
    "+"
  ],
  [
    5484,
    5329,
    642,
    439,
    "+"
  ],
  [
    2464,
    7429,
    7679,
    6313,
    "+"
  ],
  [
    743,
    249,
    748,
    712,
    "*"
  ],
  [
    1,
    91,
    123,
    491,
    "*"
  ],
  [
    4,
    43,
    21,
    682,
    "+"
  ],
  [
    1,
    2,
    66,
    23,
    "*"
  ],
  [
    4,
    2,
    8,
    52,
    "+"
  ],
  [
    7,
    9,
    91,
    66,
    "+"
  ],
  [
    272,
    764,
    936,
    19,
    "+"
  ],
  [
    5,
    311,
    8715,
    6258,
    "+"
  ],
  [
    53,
    15,
    13,
    18,
    "*"
  ],
  [
    5,
    88,
    19,
    65,
    "*"
  ],
  [
    1,
    3426,
    3549,
    6678,
    "+"
  ],
  [
    272,
    165,
    22,
    93,
    "*"
  ],
  [
    57,
    27,
    97,
    5,
    "*"
  ],
  [
    895,
    559,
    857,
    725,
    "*"
  ],
  [
    46,
    844,
    6496,
    3643,
    "+"
  ],
  [
    79,
    31,
    263,
    458,
    "+"
  ],
  [
    91,
    32,
    83,
    95,
    "*"
  ],
  [
    311,
    466,
    839,
    24,
    "*"
  ],
  [
    59,
    93,
    57,
    88,
    "+"
  ],
  [
    62,
    56,
    51,
    89,
    "*"
  ],
  [
    7743,
    6757,
    5236,
    235,
    "+"
  ],
  [
    61,
    65,
    78,
    15,
    "+"
  ],
  [
    457,
    86,
    68,
    6,
    "+"
  ],
  [
    17,
    48,
    87,
    3,
    "+"
  ],
  [
    395,
    351,
    443,
    91,
    "*"
  ],
  [
    462,
    711,
    778,
    211,
    "+"
  ],
  [
    11,
    31,
    28,
    38,
    "*"
  ],
  [
    768,
    729,
    553,
    75,
    "+"
  ],
  [
    99,
    72,
    36,
    36,
    "*"
  ],
  [
    49,
    93,
    54,
    91,
    "*"
  ],
  [
    431,
    694,
    814,
    85,
    "+"
  ],
  [
    61,
    89,
    34,
    56,
    "*"
  ],
  [
    558,
    157,
    561,
    74,
    "+"
  ],
  [
    34,
    77,
    272,
    331,
    "*"
  ],
  [
    2381,
    6466,
    477,
    292,
    "+"
  ],
  [
    5463,
    1552,
    9589,
    25,
    "+"
  ],
  [
    1,
    21,
    17,
    65,
    "*"
  ],
  [
    384,
    524,
    9354,
    4558,
    "+"
  ],
  [
    3,
    81,
    73,
    349,
    "+"
  ],
  [
    34,
    73,
    86,
    49,
    "*"
  ],
  [
    42,
    452,
    765,
    431,
    "+"
  ],
  [
    185,
    984,
    811,
    494,
    "*"
  ],
  [
    22,
    43,
    21,
    64,
    "*"
  ],
  [
    591,
    67,
    66,
    21,
    "*"
  ],
  [
    557,
    794,
    22,
    15,
    "*"
  ],
  [
    36,
    11,
    61,
    97,
    "+"
  ],
  [
    31,
    95,
    97,
    9,
    "+"
  ],
  [
    419,
    456,
    643,
    51,
    "+"
  ],
  [
    86,
    97,
    23,
    43,
    "*"
  ],
  [
    134,
    785,
    657,
    24,
    "*"
  ],
  [
    5,
    95,
    51,
    62,
    "*"
  ],
  [
    2,
    81,
    663,
    948,
    "+"
  ],
  [
    9,
    2,
    2,
    48,
    "*"
  ],
  [
    622,
    555,
    537,
    32,
    "*"
  ],
  [
    897,
    576,
    756,
    985,
    "+"
  ],
  [
    354,
    581,
    63,
    24,
    "*"
  ],
  [
    1318,
    783,
    518,
    4,
    "+"
  ],
  [
    383,
    711,
    447,
    66,
    "+"
  ],
  [
    5,
    39,
    992,
    973,
    "+"
  ],
  [
    86,
    299,
    244,
    456,
    "*"
  ],
  [
    145,
    548,
    335,
    8,
    "*"
  ],
  [
    876,
    417,
    8,
    1,
    "+"
  ],
  [
    54,
    51,
    23,
    99,
    "*"
  ],
  [
    181,
    657,
    25,
    56,
    "*"
  ],
  [
    63,
    55,
    93,
    1,
    "+"
  ],
  [
    837,
    699,
    521,
    82,
    "*"
  ],
  [
    46,
    58,
    79,
    49,
    "+"
  ],
  [
    78,
    26,
    4,
    4,
    "+"
  ],
  [
    195,
    713,
    785,
    57,
    "*"
  ],
  [
    4,
    97,
    42,
    66,
    "+"
  ],
  [
    4,
    1,
    4,
    279,
    "*"
  ],
  [
    12,
    611,
    691,
    795,
    "*"
  ],
  [
    64,
    38,
    85,
    7,
    "+"
  ],
  [
    25,
    93,
    929,
    273,
    "+"
  ],
  [
    11,
    24,
    43,
    2,
    "*"
  ],
  [
    49,
    48,
    84,
    39,
    "*"
  ],
  [
    357,
    578,
    632,
    42,
    "*"
  ],
  [
    973,
    564,
    55,
    64,
    "*"
  ],
  [
    822,
    464,
    84,
    9,
    "+"
  ],
  [
    68,
    66,
    2279,
    7448,
    "+"
  ],
  [
    241,
    739,
    78,
    5,
    "*"
  ],
  [
    674,
    888,
    362,
    492,
    "+"
  ],
  [
    416,
    863,
    863,
    794,
    "*"
  ],
  [
    247,
    195,
    775,
    6,
    "+"
  ],
  [
    5458,
    8871,
    5443,
    855,
    "+"
  ],
  [
    49,
    797,
    475,
    127,
    "+"
  ],
  [
    3,
    888,
    2799,
    8163,
    "+"
  ],
  [
    541,
    313,
    248,
    38,
    "*"
  ],
  [
    54,
    64,
    19,
    9,
    "*"
  ],
  [
    61,
    783,
    356,
    198,
    "+"
  ],
  [
    553,
    514,
    326,
    268,
    "+"
  ],
  [
    53,
    41,
    6,
    2,
    "+"
  ],
  [
    36,
    35,
    49,
    395,
    "*"
  ],
  [
    515,
    162,
    64,
    8,
    "*"
  ],
  [
    478,
    978,
    879,
    29,
    "*"
  ],
  [
    9711,
    2786,
    7437,
    347,
    "+"
  ],
  [
    12,
    86,
    37,
    68,
    "+"
  ],
  [
    8,
    4,
    3,
    46,
    "*"
  ],
  [
    5154,
    9423,
    378,
    462,
    "+"
  ],
  [
    93,
    896,
    863,
    977,
    "*"
  ],
  [
    1315,
    2546,
    3866,
    6832,
    "+"
  ],
  [
    278,
    93,
    42,
    9,
    "+"
  ],
  [
    5,
    2,
    994,
    312,
    "*"
  ],
  [
    92,
    494,
    1851,
    5169,
    "+"
  ],
  [
    726,
    157,
    48,
    56,
    "*"
  ],
  [
    596,
    523,
    46,
    72,
    "+"
  ],
  [
    37,
    52,
    4,
    5,
    "*"
  ],
  [
    67,
    1811,
    3491,
    5121,
    "+"
  ],
  [
    49,
    72,
    27,
    32,
    "+"
  ],
  [
    9,
    89,
    94,
    46,
    "*"
  ],
  [
    77,
    99,
    46,
    71,
    "*"
  ],
  [
    1,
    33,
    945,
    968,
    "+"
  ],
  [
    35,
    32,
    246,
    892,
    "*"
  ],
  [
    896,
    933,
    23,
    7,
    "*"
  ],
  [
    21,
    85,
    1,
    3,
    "*"
  ],
  [
    32,
    79,
    33,
    8,
    "*"
  ],
  [
    74,
    818,
    533,
    125,
    "*"
  ],
  [
    82,
    83,
    39,
    72,
    "*"
  ],
  [
    699,
    655,
    734,
    462,
    "+"
  ],
  [
    3,
    32,
    73,
    22,
    "+"
  ],
  [
    4,
    1,
    93,
    73,
    "*"
  ],
  [
    741,
    791,
    625,
    581,
    "+"
  ],
  [
    9,
    1,
    143,
    264,
    "*"
  ],
  [
    3,
    49,
    317,
    263,
    "+"
  ],
  [
    11,
    999,
    991,
    829,
    "*"
  ],
  [
    5461,
    2691,
    639,
    245,
    "+"
  ],
  [
    688,
    423,
    897,
    6,
    "*"
  ],
  [
    889,
    237,
    669,
    851,
    "*"
  ],
  [
    9537,
    1966,
    8621,
    16,
    "+"
  ],
  [
    398,
    235,
    9922,
    6411,
    "+"
  ],
  [
    729,
    227,
    162,
    175,
    "+"
  ],
  [
    298,
    789,
    733,
    62,
    "*"
  ],
  [
    5,
    3,
    8,
    31,
    "+"
  ]
]